      Row        runNumber      eventNumber  mu_MC_MOTHER_ID  d0_MC_MOTHER_ID d0_MC_GD_MOTHER_ d0_MC_GD_GD_MOTH
        0          5616918            70792              221             -413              511              513
        1          5616835             3433              521             -413           -10413             -511
        2          5616942            84858              313              413              511              513
        3          5616942            84858              313              413              511              513
        4          5617022           132703              211             -413              511              513
        5          5617022           132703              211             -413              511              513
        6          5617022           132703              211             -413              511              513
        7          5616964            97949             -411              413             -511             -513
        8          5616964            97949             -411              413             -511             -513
        9          5618788          1192417             -411              413             -511                5
       10          5618788          1192417             -411              413             -511                5
       11          5618788          1192417             -411              413             -511                5
       12          5617776           585185              431           -10411              511              513
       13          5617776           585185              431           -10411              511              513
       14          5617717           549773             -411              413             -511             -513
       15          5618861          1236289             -211             -421             -413              511
       16          5618861          1236289             -211             -421             -413              511
       17          5618830          1217612              431             -413              511              513
       18          5618830          1217612              431             -413              511              513
       19          5618830          1217994             -411              413             -511                5
       20          5618830          1217994             -411              413             -511                5
       21          5617527           435872              310              413            10413             -511
       22          5617629           496894             -521              413              511               -5
       23          5617610           485754             -321              413             -511             -513
       24          5617610           485754             -321              413             -511             -513
       25          5617610           485754             -321              413             -511             -513
       26          5617610           485754             -321              413             -511             -513
       27          5618904          1261841           -10413             -413           -10413             -511
       28          5618904          1261841           -10413             -413           -10413             -511
       29          5618904          1261841           -10413             -413           -10413             -511
       30          5618904          1261841           -10413             -413           -10413             -511
       31          5618813          1207258              421             -413              511               -5
       32          5618746          1167002              223            10411             -511             -513
       33          5618746          1167094             -511             -423              521               -5
       34          5618746          1167094             -511             -423              521               -5
       35          5618746          1167094             -511             -423              521               -5
       36          5617855           632648              421             -423              521              523
       37          5617419           370973              310             -421             -413              511
       38          5616916            69050              211           -10411              511              513
       39          5616916            69050              211           -10411              511              513
       40          5617751           570205             -431              413             -511             -513
       41          5617049           148805              521             -423              521               -5
       42          5617006           123103             -411              423            10413             -511
       43          5617619           490875             -211              413              511              513
       44          5617646           507310              431             -413              511              513
       45          5617646           507310              431             -413              511              513
       46          5617646           507310              431             -413              511              513
       47          5617646           507310              431             -413              511              513
       48          5617646           507310              431             -413              511              513
       49          5617646           507310              431             -413              511              513
       50          5617646           507310              431             -413              511              513
       51          5617680           527923             -211              413              511              513
       52          5618920          1271572              411             -413              511              513
       53          5618920          1271572              411             -413              511              513
       54          5619006          1323107             -411              413              415             -511
       55          5619006          1323107             -411              413              415             -511
       56          5619006          1323107             -411              413              415             -511
       57          5619006          1323107             -411              413              415             -511
       58          5617274           283852               -5              413             -511             -535
       59          5617274           283852               -5              413             -511             -535
       60          5617274           283852               -5              413             -511             -535
       61          5617274           283852               -5              413             -511             -535
       62          5617002           120856                0            10411              511               -5
       63          5617465           398773              421             -413              511               -5
       64          5617465           398773              421             -413              511               -5
       65          5617777           585658             -211              413             -511             -513
       66          5617777           585658             -211              413             -511             -513
       67          5618674          1124026             -211              413             -511                5
       68          5618674          1124026             -211              413             -511                5
       69          5618674          1124026             -211              413             -511                5
       70          5618674          1124026             -211              413             -511                5
       71          5618674          1124026             -211              413             -511                5
       72          5619018          1330273              421             -413              511              513
       73          5619018          1330273              421             -413              511              513
       74          5618683          1129258                0             -413             -511             -513
       75          5618667          1120133             -211              413             -511             -513
       76          5618729          1157336              113              413             -511             -513
       77          5619047          1347677              310              413             -511             -513
       78          5619047          1347677              310              413             -511             -513
       79          5619047          1347677              310              413             -511             -513
       80          5617893           655280              421             -413              511              513
       81          5617893           655280              421             -413              511              513
       82          5617893           655280              421             -413              511              513
       83          5617366           339163              313              423              511               -5
       84          5617515           428587             -411              413            10413             -511
       85          5617531           438535              211             -413           -10413              511
       86          5617684           530209             -531             -413              511              513
       87          5618958          1294515             -213              413             -511             -513
       88          5618958          1294515             -213              413             -511             -513
       89          5618727          1155950              211             -413              511              513
       90          5617549           448843              411             -413             -511             -513
       91          5617549           448843              411             -413             -511             -513
       92          5617549           448843              411             -413             -511             -513
       93          5617549           448843              411             -413             -511             -513
       94          5617549           448843              411             -413             -511             -513
       95          5617549           448843              411             -413             -511             -513
       96          5617549           448843              411             -413             -511             -513
       97          5617549           448843              411             -413             -511             -513
       98          5617549           448843              411             -413             -511             -513
       99          5617861           636197                0              413             -511                5
      100          5617437           381654             -411              413             -511             -513
      101          5617437           381654             -411              413             -511             -513
      102          5617437           381654             -411              413             -511             -513
      103          5617437           381654             -411              413             -511             -513
      104          5617437           381654             -411              413             -511             -513
      105          5617437           381654             -411              413             -511             -513
      106          5617801           600112             -431              413             -511             -513
      107          5617801           600112             -431              413             -511             -513
      108          5618817          1209814             -511              421            10411             -511
      109          5618817          1209814             -511              421            10411             -511
      110          5618817          1209814             -511              421            10411             -511
      111          5618761          1176196             3114              413              511              513
      112          5617532           438874             -211              423            20413             -511
      113          5617532           438874             -211              423            20413             -511
      114          5617532           438874             -211              423            20413             -511
      115          5617590           473566              211             -413              511               -5
      116          5617590           473566              211             -413              511               -5
      117          5617590           473816             -411              413            20413             -511
      118          5617590           473816             -411              413            20413             -511
      119          5617590           473816             -411              413            20413             -511
      120          5617674           524015           -10413             -413           -10413              511
      121          5617674           524147              411             -413              511              513
      122          5617017           129744              223              413             -511                5
      123          5617017           129744              223              413             -511                5
      124          5617017           129744              223              413             -511                5
      125          5617173           223260            10413              413            10413             -511
      126          5617173           223260            10413              413            10413             -511
      127          5617174           224041             -321              413             -511                5
      128          5617159           215063              411             -413              511               -5
      129          5617159           215063              411             -413              511               -5
      130          5617159           215063              411             -413              511               -5
      131          5616989           112993              211             -413              511              525
      132          5616998           118540             -411              413            10413             -511
      133          5616991           114249              221              413             -511                5
      134          5617647           507817             -421              413              511              513
      135          5617303           301612              443             -423             -415              511
      136          5617303           301612              443             -423             -415              511
      137          5617303           301612              443             -423             -415              511
      138          5617303           301612              443             -423             -415              511
      139          5617168           220555                0              413            10413             -511
      140          5617168           220555                0              413            10413             -511
      141          5617072           162646              211             -413              511              513
      142          5617072           162646              211             -413              511              513
      143          5617072           162714              331              413             -511             -513
      144          5617072           162714              331              413             -511             -513
      145          5617072           163101              213             -413              511              513
      146          5617072           163101              213             -413              511              513
      147          5617360           335760             -211              413             -511                5
      148          5617330           317482             -431              413            10413             -511
      149          5617330           317482             -431              413            10413             -511
      150          5617330           317482             -431              413            10413             -511
      151          5618658          1114798             -213              413             -511             -513
      152          5618776          1185190             -213              413             -511             -513
      153          5617675           524532              211             -413              511              513
      154          5617466           399053              211             -413           -10413              511
      155          5617466           399053              211             -413           -10413              511
      156          5617461           396159              411             -413           -10413              511
      157          5617086           171363              411             -423           -10413              511
      158          5617086           171363              411             -423           -10413              511
      159          5617086           171363              411             -423           -10413              511
      160          5617086           171363              411             -423           -10413              511
      161          5617065           158407              333             -413              511               -5
      162          5617607           483708             3112              413             -511             -513
      163          5617607           483708             3112              413             -511             -513
      164          5617759           574805              211             -413           -10413             -511
      165          5617759           574805               -5             -413           -10413             -511
      166          5617732           558661                0              413             -511             -513
      167          5617199           238911             -313             -423           -20413              511
      168          5617305           302709             -313              413             -511             -513
      169          5617305           302709             -313              413             -511             -513
      170          5617305           302709             -313              413             -511             -513
      171          5617305           302709             -313              413             -511             -513
      172          5616821             2097              310             -413              511              513
      173          5616821             2097              310             -413              511              513
      174          5616802              105            10413              413            10413             -511
      175          5616802              105            10413              413            10413             -511
      176          5617471           402128            -4122              413             -511                5
      177          5617115           188498              211             -413              511               -5
      178          5617185           230519             -213              413             -511             -513
      179          5617399           358995              223             -413           -10413              511
      180          5617399           359109              310             -413             -511             -535
      181          5617005           122408              221              413             -511             -513
      182          5617005           122408              221              413             -511             -513
      183          5617005           122408              221              413             -511             -513
      184          5617005           122408              221              413             -511             -513
      185          5617005           122408              221              413             -511             -513
      186          5617005           122408              221              413             -511             -513
      187          5617005           122408              221              413             -511             -513
      188          5617005           122408              221              413             -511             -513
      189          5617005           122408              221              413             -511             -513
      190          5617005           122408              221              413             -511             -513
      191          5616919            70995              113             -413             -511             -513
      192          5616919            70995              113             -413             -511             -513
      193          5616919            70995              113             -413             -511             -513
      194          5616919            70995              113             -413             -511             -513
      195          5617104           181955              511             -531             -533                5
      196          5617104           181955              511             -531             -533                5
      197          5617104           181955              511             -531             -533                5
      198          5617104           181955              511             -531             -533                5
      199          5617104           181955              511             -531             -533                5
      200          5617104           181955              511             -531             -533                5
      201          5617104           181955              511             -531             -533                5
      202          5617104           181955              511             -531             -533                5
      203          5617104           181955              511             -531             -533                5
      204          5617104           181955              511             -531             -533                5
      205          5617104           181955              511             -531             -533                5
      206          5617104           181955              511             -531             -533                5
      207          5617104           181955              511             -531             -533                5
      208          5617109           184986             -411              413             -511                5
      209          5617109           185093             -521              413              511              513
      210          5617109           185093             -521              413              511              513
      211          5617123           193249              421             -413           -10413              511
      212          5617123           193249              421             -413           -10413              511
      213          5617123           193249              421             -413           -10413              511
      214          5617123           193249              421             -413           -10413              511
      215          5617123           193249              421             -413           -10413              511
      216          5618994          1316112              411             -413              511              513
      217          5618994          1316112              411             -413              511              513
      218          5618994          1316112              411             -413              511              513
      219          5618994          1316112              411             -413              511              513
      220          5618994          1316112              411             -413              511              513
      221          5618994          1316112              411             -413              511              513
      222          5618994          1316112              411             -413              511              513
      223          5618950          1289645             -211              413             -511             -513
      224          5617433           379256              411           -10411              511              513
      225          5617363           337441              223            10411             -511             -513
      226          5617085           170619              211             -413              511              513
      227          5617090           173790             -211              413             -511             -513
      228          5617398           358665             -521              413              511              513
      229          5618649          1109090              411             -413              511              513
      230          5618649          1109090              411             -413              511              513
      231          5618640          1103830              211             -413             -511             -513
      232          5618640          1103830              211             -413             -511             -513
      233          5618640          1103830              211             -413             -511             -513
      234          5618640          1103830              211             -413             -511             -513
      235          5618668          1120527             -421              423            10413             -511
      236          5618668          1120527             -421              423            10413             -511
      237          5618884          1250065             -421              413             -511             -513
      238          5617571           462112             -211              413             -511                5
      239          5617571           462112             -211              413             -511                5
      240          5617571           462112             -211              413             -511                5
      241          5617029           137242              211             -413           -10413              511
      242          5617216           249246              223              413              511              513
      243          5617216           249246              223              413              511              513
      244          5617216           249246              223              413              511              513
      245          5617534           440373              113             -413              511               -5
      246          5619050          1349644             -211              413            10413             -511
      247          5619050          1349644             -211              413            10413             -511
      248          5619050          1349644             -211              413            10413             -511
      249          5617373           343522            -3114             -413             -511             -513
      250          5617373           343522            -3114             -413             -511             -513
      251          5617373           343522            -3114             -413             -511             -513
      252          5618763          1177496             -411              413             -511             -525
      253          5618752          1170864              223            10411              511               -5
      254          5618902          1260843             -321              413             -511             -513
      255          5617788           592272              321             -413              511              513
      256          5618818          1210252             -421              413             -511             -513
      257          5618848          1228297              213             -413              511              513
      258          5618653          1111367            20223             -423           -10413              511
      259          5617256           273109              421             -415              511              513
      260          5617327           315677              531              413             -511             -513
      261          5617327           315677              531              413             -511             -513
      262          5617327           316081              411             -413              511                4
      263          5617327           316081              411             -413              511                4
      264          5617108           184273              211             -413              511              513
      265          5617425           374520              511             -421             -413              511
      266          5617489           412966             -211              413             -511             -513
      267          5617489           412966             -211              413             -511             -513
      268          5617608           484237              113              531              533               -5
      269          5617608           484237              113              531              533               -5
      270          5617710           545843              321             -413              511              525
      271          5617710           545843              321             -413              511              525
      272          5617710           545843              321             -413              511              525
      273          5618870          1241682              521             -413           -10413             -511
      274          5618870          1241682              521             -413           -10413             -511
      275          5618870          1241682              521             -413           -10413             -511
      276          5618870          1241682              521             -413           -10413             -511
      277          5618870          1241682              521             -413           -10413             -511
      278          5618870          1241682              521             -413           -10413             -511
      279          5618870          1241682              521             -413           -10413             -511
      280          5618870          1241682              521             -413           -10413             -511
      281          5618870          1241682              521             -413           -10413             -511
      282          5618999          1319023             -521              413              511              513
      283          5618999          1319023             -521              413              511              513
      284          5617354           332122              223              413             -511                5
      285          5616931            78368              211             -413           -10413              511
      286          5616840             3999             -421              413             -511             -513
      287          5617270           281602              223             -413              511               -5
